001 9
002 9
003 9
004 9
005 9
006 9
007 9
008 9
009 9
010 9
011 9
012 9
013 9
015 9
016 9
017 9
018 9
019 9
020 9
021 9
022 9
023 9
024 9
025 9
026 9
027 9
028 9
029 9
030 9
031 9
032 9
033 9
034 9
035 9
036 9
037 9
038 9
039 9
040 9
041 9
042 9
043 9
044 9
045 9
046 9
047 9
048 9
049 9
050 9
051 9
052 9
053 9
054 9
055 9
056 9
057 9
058 9
059 9
060 9
061 9
062 9
063 9
064 9
065 9
066 9
067 9
068 9
069 9
070 9
071 9
072 9
073 9
074 9
075 9
076 9
077 9
078 9
079 9
080 9
081 9
082 9
083 9
084 9
085 9
086 9
087 9
088 9
089 9
090 9
091 9
092 9
093 9
094 9
095 9
096 9
097 9
098 9
099 9
100 9
101 9
102 9
103 9
104 9
105 9
106 9
107 9
108 9
109 9
110 9
111 9
112 9
